<?xml version="1.0"?>
<opencv_storage>
<classifications type_id="opencv-matrix">
  <rows>33</rows>
  <cols>1</cols>
  <dt>i</dt>
  <data>
    54 48 56 55 52 57 54 51 49 48 56 53 50 55 52 57 54 51 49 56 48 53 50
    52 51 50 53 55 54 49 56 57 48</data></classifications>
</opencv_storage>
